02 02 2016 20 19 13 0.00
02 02 2016 20 20 12 0.79
02 02 2016 20 21 11 0.51
02 02 2016 20 23 52 0.00
02 02 2016 20 25 08 0.00
02 02 2016 20 26 08 0.00
02 02 2016 20 27 09 0.00
02 02 2016 20 28 09 0.00
02 02 2016 20 29 10 0.00
02 02 2016 20 30 11 0.00
02 02 2016 20 31 12 0.00
02 02 2016 20 32 13 0.00
02 02 2016 20 34 05 0.00
02 02 2016 20 35 06 0.00
02 02 2016 20 36 06 0.00
02 02 2016 20 37 07 0.00
02 02 2016 20 38 08 0.00
02 02 2016 20 39 36 0.00
02 02 2016 20 40 37 0.00
02 02 2016 20 41 38 0.00
02 02 2016 20 42 40 0.00
02 02 2016 20 43 40 0.00
02 02 2016 20 44 41 0.00
02 02 2016 20 45 42 0.00
02 02 2016 20 46 43 0.00
02 02 2016 20 47 43 0.00
02 02 2016 20 48 44 0.00
02 02 2016 20 49 45 0.00
02 02 2016 20 50 45 0.00
02 02 2016 20 51 46 0.00
02 02 2016 20 52 47 0.00
02 02 2016 20 53 47 0.00
02 02 2016 20 54 48 0.00
02 02 2016 20 55 49 0.00
02 02 2016 20 56 49 0.00
02 02 2016 20 57 49 0.00
02 02 2016 20 58 50 0.00
02 02 2016 20 59 51 0.00
02 02 2016 21 00 51 0.00
02 02 2016 21 01 52 0.00
02 02 2016 21 02 53 0.00
02 02 2016 21 03 53 0.00
02 02 2016 21 04 54 0.00
02 02 2016 21 05 54 0.00
02 02 2016 21 06 55 0.00
02 02 2016 21 07 55 0.00
02 02 2016 21 08 56 0.00
02 02 2016 21 09 56 0.00
02 02 2016 21 10 57 0.00
02 02 2016 21 11 57 0.00
02 02 2016 21 12 58 0.00
02 02 2016 21 13 59 0.00
02 02 2016 21 15 01 0.00
02 02 2016 21 16 02 0.00
02 02 2016 21 17 02 0.00
02 02 2016 21 18 03 0.00
02 02 2016 21 19 03 0.00
02 02 2016 21 20 04 0.00
02 02 2016 21 21 04 0.00
02 02 2016 21 22 04 0.00
02 02 2016 21 23 05 0.00
02 02 2016 21 24 06 0.00
02 02 2016 21 25 08 0.00
02 02 2016 21 26 09 0.00
02 02 2016 21 27 01 0.00
02 02 2016 21 28 01 0.00
02 02 2016 21 29 01 0.00
02 02 2016 21 30 01 0.00
02 02 2016 21 31 01 0.00
02 02 2016 21 32 01 0.00
02 02 2016 21 33 01 0.00
02 02 2016 21 34 02 0.00
02 02 2016 21 35 16 0.00
02 02 2016 21 36 16 0.00
02 02 2016 21 37 17 0.00
02 02 2016 21 38 18 0.00
02 02 2016 21 39 18 0.00
02 02 2016 21 40 19 0.00
02 02 2016 21 41 13 0.00
02 02 2016 21 42 13 0.00
02 02 2016 21 43 14 0.00
02 02 2016 21 43 54 0.00
02 02 2016 21 45 22 0.00
02 02 2016 21 46 24 0.00
02 02 2016 21 47 25 0.00
02 02 2016 21 48 26 0.00
02 02 2016 21 49 28 0.00
02 02 2016 21 50 29 0.00
02 02 2016 21 51 31 0.00
02 02 2016 21 52 32 0.00
02 02 2016 21 53 33 0.00
02 02 2016 21 54 35 0.00
02 02 2016 21 55 36 0.00
02 02 2016 21 56 39 0.00
02 02 2016 21 57 40 0.00
02 02 2016 21 58 42 0.00
02 02 2016 21 59 44 0.00
02 02 2016 22 00 45 0.00
02 02 2016 22 01 48 0.00
02 02 2016 22 03 00 0.00
02 02 2016 22 04 15 0.00
02 02 2016 22 05 18 0.00
02 02 2016 22 06 20 0.00
02 02 2016 22 07 21 0.00
02 02 2016 22 08 23 0.00
02 02 2016 22 09 24 0.00
02 02 2016 22 10 26 0.00
02 02 2016 22 11 26 0.00
02 02 2016 22 12 28 0.00
02 02 2016 22 13 29 0.00
02 02 2016 22 14 32 0.00
02 02 2016 22 15 33 0.00
02 02 2016 22 16 34 0.00
02 02 2016 22 17 36 0.00
02 02 2016 22 18 37 0.00
02 02 2016 22 19 39 0.00
02 02 2016 22 20 40 0.00
02 02 2016 22 21 42 0.00
02 02 2016 22 22 44 0.00
02 02 2016 22 23 46 0.00
02 02 2016 22 24 48 0.00
02 02 2016 22 25 10 0.00
02 02 2016 22 26 25 0.00
02 02 2016 22 27 27 0.00
02 02 2016 22 28 28 0.00
02 02 2016 22 29 30 0.00
02 02 2016 22 30 31 0.00
02 02 2016 22 56 02 0.00
02 02 2016 22 57 18 0.00
02 02 2016 22 58 20 0.00
02 02 2016 22 59 22 0.00
02 02 2016 23 00 22 0.00
02 02 2016 23 00 43 0.00
02 02 2016 23 01 56 0.00
02 02 2016 23 02 58 0.44
02 02 2016 23 03 58 0.00
02 02 2016 23 05 00 0.00
02 02 2016 23 05 35 0.00
02 02 2016 23 06 35 0.00
02 02 2016 23 07 35 0.00
02 02 2016 23 08 35 0.00
02 02 2016 23 09 35 0.00
